[imran01.JPG]
filters=finetune2=1,0.222222,0.157193,0.042105,00000000,0.000000;
moddate=000052b1efcc0000
width=336
height=383
textactive=0
