[imran01.JPG]
filters=finetune2=1,0.222222,0.157193,0.042105,00000000,0.000000;
moddate=000052b1efcc0000
width=336
height=383
textactive=0
[imran02.jpg]
filters=crop64=1,6e60000f723c128;finetune2=1,0.116959,0.044912,0.025263,00000000,0.000000;finetune2=1,0.000000,0.000000,0.070175,00000000,0.000000;
crop=rect64(6e60000f723c128)
moddate=000008b6f8cf0000
width=3786
height=5679
textactive=0
